[array([0.284551, 0.668744]), array([0.946091, 0.127925]), array([0.890595, 0.175119, 0.098804]), array([0.275182, 0.650477, 0.831544, 0.044419]), array([0.758173, 0.232371, 0.384234, 0.015927]), array([0.64629 , 0.479793, 0.773031, 0.313614, 0.006394]), array([0.726903, 0.734455, 0.207317, 0.185046, 0.334387, 0.739991]), array([0.130265, 0.046283, 0.172839, 0.194561, 0.988438, 0.432   ,
       0.222147, 0.761423])]
[array([0.414503, 0.086133]), array([0.001016, 0.768214]), array([0.565065, 0.233813, 0.707861]), array([0.445518, 0.099272, 0.248701, 0.895601]), array([0.704339, 0.844687, 0.327644, 0.619848]), array([0.901458, 0.614056, 0.476775, 0.566322, 0.473333]), array([0.571935, 0.042903, 0.483963, 0.189677, 0.561965, 0.609864]), array([0.934939, 0.972797, 0.97472 , 0.895817, 0.936722, 0.323301,
       0.950795, 0.110814])]
[array([0.677598, 0.526745]), array([0.947193, 0.541641]), array([0.467499, 0.452954, 0.575318]), array([0.916234, 0.405014, 0.449955, 0.072506]), array([0.478893, 0.010438, 0.627304, 0.050096]), array([0.177508, 0.387041, 0.342993, 0.664788, 0.059064]), array([0.649933, 0.291298, 0.222102, 0.129627, 0.265598, 0.014656]), array([0.948953, 0.533039, 0.999577, 0.671638, 0.433809, 0.820448,
       0.907676, 0.601768])]
[array([0.868687, 0.787879]), array([0.838384, 0.979798]), array([0.591837, 0.836735, 0.734694]), array([0.387755, 0.387755, 0.387755, 0.428571]), array([1.      , 0.130855, 1.      , 0.997941]), array([0.214038, 0.      , 1.      , 1.      , 0.      ]), array([0.164844, 0.      , 1.      , 0.325292, 0.451013, 1.      ]), array([0., 1., 0., 1., 1., 1., 0., 0.])]
[array([0.66898 , 0.006156]), array([0.722355, 0.89596 ]), array([0.207173, 0.429329, 0.952237]), array([0.439786, 0.536932, 0.752217, 0.440023]), array([1.      , 0.      , 0.93268 , 0.996546]), array([0.677786, 0.159857, 0.18946 , 0.668454, 0.153696]), array([0.089429, 0.462231, 0.089483, 0.22321 , 0.566932, 0.727362]), array([0.19149 , 0.271219, 0.746233, 0.074016, 1.      , 0.650877,
       0.532236, 0.      ])]
[array([0.703885, 0.004461]), array([0.989661, 0.998762]), array([0.059853, 0.505097, 0.863329]), array([0.446041, 0.455604, 0.80315 , 0.671538]), array([0.006696, 0.00629 , 0.965752, 0.957517]), array([0.543095, 0.532341, 0.551357, 0.788617, 0.388166]), array([0.300076, 0.02332 , 0.351701, 0.183889, 0.504603, 0.57707 ]), array([0.024818, 0.229722, 0.259203, 0.415537, 0.598131, 0.476729,
       0.26003 , 0.282178])]
[array([6.16019e-01, 7.00000e-06]), array([0.792747, 0.67761 ]), array([0.267309, 0.462729, 0.594502]), array([0.965121, 0.63734 , 0.214523, 0.599869]), array([0.958329, 0.105651, 0.882063, 0.850861]), array([0.851942, 0.543653, 0.663782, 0.909688, 0.485566]), array([0.449098, 0.079824, 0.505432, 0.155594, 0.506845, 0.618846]), array([0.686356, 0.016349, 0.808985, 0.353493, 0.960092, 0.024376,
       0.766955, 0.024617])]
[array([0.003918, 0.999461]), array([0., 0.]), array([0.209558, 0.      , 1.      ]), array([1., 1., 1., 1.]), array([0.819504, 0.172837, 0.598482, 0.421804]), array([0., 1., 0., 0., 1.]), array([1.      , 0.472096, 0.      , 0.      , 1.      , 1.      ]), array([1.     , 1.     , 1.     , 1.     , 1.     , 0.15374, 1.     ,
       0.     ])]
[array([0.6493, 0.338 ]), array([0.4382, 0.6957]), array([0.0037, 0.9827, 0.    ]), array([0.3988, 0.3967, 0.3775, 0.4219]), array([1.    , 0.9353, 0.9941, 0.    ]), array([0.4078, 0.3996, 0.4788, 0.9597, 0.    ]), array([0.0637, 0.502 , 0.248 , 0.2173, 0.4221, 0.737 ]), array([0.0739, 0.1374, 0.1521, 0.1016, 0.8368, 0.4996, 0.1669, 1.    ])]
[array([0.737165, 0.728511]), array([0.74951 , 0.734619]), array([0.205746, 0.284689, 0.970762]), array([0.355716, 0.904616, 0.863341, 0.802503]), array([0.942866, 0.088123, 0.956321, 0.745387]), array([0.818024, 0.434796, 0.247623, 0.502626, 0.692047]), array([0.294446, 0.012503, 0.326189, 0.1411  , 0.381095, 0.375532]), array([0.41223 , 0.494365, 0.866627, 0.746767, 0.954797, 0.608212,
       0.415668, 0.129881])]
[array([0.106592, 0.33458 ]), array([0.432602, 0.633802]), array([0.      , 1.      , 0.446339]), array([0.438053, 0.432922, 0.207411, 0.427362]), array([1., 1., 1., 1.]), array([0., 0., 0., 1., 0.]), array([0.      , 0.      , 0.391817, 0.      , 0.400812, 0.627008]), array([0., 0., 0., 0., 1., 0., 0., 0.])]